Baseline: 84.78203797340393
Thread: 84.80381560325623
Multiprocess: 16.24299931526184